9.385933635741680048e-01 -7.405927562979069956e-02 3.514290210874990855e-02 2.321569250371124243e-02 2.383165097488837425e-02 1.528263149495647996e-02 3.652726970678585316e-02 5.135405415317097211e-02 -1.974755455870708457e-02 -1.775388733795604801e-01 6.815383431080419829e-02 1.246165447846158542e-01 1.165360295826574528e-02 1.509761387249693686e-02 6.289721713338228271e-02 8.540796390169398331e-04 -7.022051148589600333e-02 -4.597357823985815523e-02 5.239617557118506769e-02 4.233450784687405044e-02 1.142711159767152151e-01 3.341001777751360230e-02 -1.533063252243457679e-02 -3.050397226789039636e-03 -2.979261593523705592e-02 4.473052595634580131e-02 5.058675696440943781e-02 5.238015606797437329e-02 1.887623280324396760e-02 2.515744915632308482e-02 -9.525118574664864779e-02 1.592105098740138058e-01 -1.489974463022599935e-02 2.081975070898156033e-01 2.395621738515468432e-02 -4.545596854389198360e-01 2.594098872166262712e-02 2.803623922384237965e-01 -2.153475411293115024e-02 -9.457235608581698524e-03 1.373798213251146635e-02 5.319367383141583583e-02 4.446152523442580690e-02 -7.779190876432173773e-02 -7.762152136083187715e-04 -5.324316316266272664e-02 2.692617057404934552e-02 1.088598139745793059e-02 -2.565962875754566712e-03 -4.024505037039265154e-02 -2.425007289508253339e-02 3.043599661987061306e-02 6.157843720754838795e-02 2.189972611349294551e-01 3.505033145207967632e-02 -4.689874657418511422e-02 -3.779213431157504299e-01 7.751706393520484129e-02 -7.391127001369984795e-03 -5.825517751803637248e-03 -1.248181117968118377e-02 -7.761975975287561383e-04 -2.535180309330515094e-02 1.495708815874892406e-02 -2.244213316129961295e-03 1.599116119469489589e-02 1.131735844452613597e-02 7.991535245636878157e-03 2.732679428634324226e-02 1.802326953403202451e-03 -1.942227569411288449e-03 -1.503773624245258525e-02 9.599686976408628933e-03 -4.153128844452713339e-03 -2.455169641756358226e-03 1.200409911417059904e-02 -1.249288220763781349e-02 2.135264752988581642e-03 -2.633810728301057367e-03 -4.913916363230031066e-03 -1.033560775905904838e-02 1.654515608940108906e-02 -8.265652207936329682e-03 -1.931393100796495064e-03 -2.281420694280581959e-03 2.298853816379364118e-02 -8.490865424833914793e-03 -2.053851831352747695e-03 -5.517701659786258470e-03 -3.940185668624611448e-02 -6.828695960010666526e-03 2.332233952903444481e-03 -5.636246664237842818e-03 9.682542738644202805e-04 1.710697542345114217e-02 6.328528156212199357e-03 1.333042032674460614e-02 2.993754091673723680e-03 2.807471578257485483e-03 -1.694495144123394845e-02 -5.102528565884562571e-03 7.937832613421574521e-03 6.886171216063087519e-03 -1.027528259952316045e-02 -1.436494387355718213e-03 1.841345119681415694e-03
-7.405927562979069956e-02 9.946787728418051699e-01 2.931224713623999112e-02 2.575479944238466806e-03 -7.189273807474344698e-03 -1.756033813754250342e-02 -4.756032791389292087e-03 -3.349035148989078659e-03 5.647136672843757789e-03 4.127802510260742547e-02 -2.216049349513218858e-02 -3.788400345767864441e-02 -1.254942116867173441e-02 -9.473216557755458371e-04 -3.020348385061300510e-03 1.470297702056308671e-02 1.063047488036821669e-02 1.001043310820453301e-02 3.629109955662311593e-02 3.718042280138822431e-02 -5.158850074971900630e-03 1.735995749179320563e-02 4.842253163803432112e-03 -1.580834929843547357e-02 -9.047694895877591084e-03 -7.375609559769984690e-04 -1.118256166516985511e-03 -1.810809219541872905e-02 1.483554092602487953e-02 -3.794147066885162223e-03 -7.511246686382666050e-03 -1.632331949985961136e-02 1.616709540469215200e-03 -2.394730095173698559e-02 -7.812039445646329523e-04 3.712388882209415736e-02 2.539443592818557693e-02 -2.484925197196380039e-02 4.337398488812949440e-03 4.229248705390820096e-03 7.691086686020419047e-03 -1.772450030293192674e-02 -3.266065514427560906e-02 3.174485085885114799e-02 1.412341274734586934e-02 -5.144551863730190480e-03 1.087960983736592155e-02 -1.450253101406701224e-02 1.520879762872094816e-02 4.102628676761890976e-03 2.473601414501276369e-03 1.878799618150216785e-04 -2.668262436802526678e-03 -1.806877096091121307e-02 4.259329533977601785e-03 2.467777274446984054e-02 1.371924631102054357e-02 4.737092650635745840e-03 -1.727708043372376198e-02 -6.512866983259169018e-02 -5.144012195075083060e-02 1.176433273448269645e-01 5.971779949345780783e-03 -5.652125375892060738e-02 4.799739691729604935e-04 -6.618260721552216355e-03 -4.809919762635318785e-03 1.986267413406020421e-02 2.880324337352410322e-02 8.579356543838563380e-04 -6.703811264392160350e-04 3.782648969919477633e-02 -3.559988066449546861e-03 8.967508881022930728e-04 -2.141063111787775558e-04 -1.199673016678883333e-02 2.882372078308827884e-02 5.340687829529967498e-03 -1.159677460689612950e-02 1.175388314268637803e-02 8.899841636034976772e-03 -1.776020776656950023e-03 -9.027321455678305462e-03 -2.089418898098213857e-03 -1.272928767129895625e-02 -3.566231793080016158e-03 1.114352698859086971e-02 -3.988921584578746828e-03 3.777774554671587542e-03 1.368007713742277476e-01 2.865021598787131571e-02 -4.374050821444110419e-04 1.701961569922538775e-02 -1.671963826987678606e-02 -1.250722339807759740e-03 -1.148848886326887808e-02 5.737593674595980672e-03 -3.144990022189148807e-03 -1.192424742170573523e-02 -1.107241033201922242e-03 -9.788282403267063985e-04 6.994425281840135726e-03 -7.596069454835699397e-02 -1.449402479211339342e-02 6.384706383053322110e-03 5.309781338546779549e-03
3.514290210874990855e-02 2.931224713623999112e-02 9.532548243407440447e-01 3.187855278044037302e-04 1.265719453151288934e-02 1.828513696607698691e-01 -8.975480995297163353e-03 -4.698104266468263596e-02 3.652968555093169273e-03 -1.901513971953960533e-02 5.413906821441913375e-02 9.993208705666031810e-02 -2.280544189782244061e-02 3.682974768983504361e-03 -4.609645419147533757e-02 2.014931229363307180e-02 3.072045714793645525e-03 9.656931207692924166e-03 1.497961239828885134e-02 2.391877924219663887e-02 3.699262042287940200e-02 2.759497425778487459e-02 -2.527809802448278964e-02 -1.554719351314880205e-02 -1.282515704490584316e-02 1.331557454188409245e-03 4.037770276122776975e-02 -2.648967344142328512e-02 5.362598069102109989e-03 1.529921132207155351e-02 -4.784831720977675978e-02 -1.993653108872818769e-01 -1.735633946255522864e-02 3.347602110403861131e-01 -3.191356219038688630e-02 -1.015696851486988933e-01 -9.471218437102085774e-02 -1.738277335682866798e-01 -2.468110467760343818e-01 1.348937119787551459e-02 2.282169847644907879e-01 -1.178551893615312034e-02 1.107003329057855839e-01 1.142378201602964605e-01 4.390245775967025615e-02 -1.203481367826285120e-01 -7.482688931583561520e-02 -7.053419680409141190e-02 5.969366562950445543e-02 -1.812754914338010614e-02 -1.676420357149590104e-02 1.399539775081285742e-01 -4.579484219335883816e-02 4.929166032701228772e-01 -1.258316490973522550e-01 -1.942981142534163513e-02 -5.249681596072385686e-02 -2.945776663021081321e-01 -3.478943582533493006e-01 -2.684629761180471093e-03 -2.236065062915040987e-03 -9.495812443807521985e-02 -4.792024787260457976e-03 8.251185542810332563e-02 1.009286148460330525e-02 -1.942908867027814913e-03 2.217814650260573929e-03 6.071117435524765564e-04 -1.486764161142421770e-02 -1.490302431982542045e-02 5.792923286381739889e-04 5.884574728641387732e-03 -6.569447614539114869e-03 -1.074946644475484672e-02 -1.556905622990753697e-02 6.102301008922515584e-03 1.149072815588945279e-02 -3.594982192988813337e-03 -9.792727407017939520e-03 -9.219165926292134661e-03 -1.191801492424244971e-04 -3.854467273036963140e-03 2.136389072683266693e-02 1.054773961503829155e-02 5.430391985262196172e-03 1.037735482361192355e-03 -1.999236916016419383e-02 1.048625916650297411e-04 -6.743293633934191629e-03 4.600689149061651384e-02 2.914271376293583495e-03 -5.760522605737594323e-03 -3.234658561250779857e-03 -8.769668784263438474e-03 6.062529937531352560e-03 2.618551577935118377e-03 -1.052396919198322726e-02 -6.912692320444269872e-03 -4.414815985950808729e-03 6.388899821368624124e-03 -1.358899084091822092e-02 -7.888417807181311373e-03 -1.511254432281830713e-02 5.195902422677376679e-04 5.991051005384515592e-03 1.086991227744352716e-02
2.321569250371124243e-02 2.575479944238466806e-03 3.187855278044037302e-04 9.264232095452398230e-01 -6.527717822326162267e-02 2.668347323489566117e-02 -1.787314724956322320e-02 -1.687649121035905350e-02 -3.288009037570470330e-04 -2.266757729065379395e-02 6.810654088566610309e-02 2.465386123623930850e-02 -1.129676662110988376e-02 1.087232582372319898e-03 2.961555549430044260e-03 -2.037191768228262083e-03 -2.988471125743793338e-03 -1.840454532839588039e-03 -1.560014120068249372e-03 -1.903258137237459797e-03 -3.356543906149266759e-03 5.961332521291765789e-04 -1.326929686312250042e-02 -1.283426687514047961e-02 8.760953424853269028e-04 2.438818388813671079e-02 -1.699863967652232022e-02 1.039624595376110149e-02 4.294420258390757757e-03 1.380036631467132791e-01 -2.092875494311390722e-02 9.030849986420707784e-03 -4.624435297939282277e-03 -1.287165270309841361e-02 3.382302828426217607e-03 5.125774986328761329e-03 3.988770483963803050e-03 -2.266724604964795453e-04 -9.874904870442518731e-03 -1.347201936182171409e-03 -1.866960966078090242e-02 1.330891695309832645e-02 7.373481151734919206e-04 -3.634798644013173367e-03 -1.219126823214694913e-02 -7.011391002150112184e-03 1.244242750185156187e-03 4.096973392945003900e-02 -1.302823697270939253e-02 1.077480156515838762e-02 -1.432256107675593942e-02 -1.365667276738779558e-02 2.936394649030898626e-03 -8.810074058830986293e-03 1.524780354876725981e-02 -2.146676585353077022e-04 -2.600179562482498284e-03 2.427059071169905546e-03 -9.901836050564220143e-03 8.867802494072585077e-04 6.328215646093217003e-03 -1.708513350660000865e-03 1.927574066894260571e-03 -2.434143294976113571e-03 -1.903817262530740559e-03 1.480505679323732048e-03 -6.355552343592540260e-03 -4.940560086647651818e-04 -6.030311483876391217e-03 8.566990562821933178e-03 5.185617362652747246e-04 9.879934586273033965e-04 -4.551619200486885577e-03 -5.553508112597933116e-03 -4.664182686826896795e-03 -1.179178269813982698e-03 -4.391868627469120985e-04 -1.997365777847581562e-03 -1.485234213115596287e-04 -1.266422767278135028e-03 -4.767211016275798782e-03 -9.166803529447140487e-04 1.545473803090500337e-02 1.817701409816180466e-03 -1.106903551272033024e-03 -4.504747918559682228e-03 -1.083315823666395348e-03 6.086054471773855688e-03 -1.304886610395028252e-03 4.330594944238991902e-04 3.671087037711208575e-04 -3.407387658920552238e-04 -1.441033438834210274e-03 -3.184067389386496198e-03 -1.414395970111439462e-03 -9.405263582062371470e-04 -2.699318349961374146e-03 -8.418224543004501148e-04 6.629192446203010201e-03 3.338961425058893998e-03 -1.824150176964297460e-03 -4.002733954969407877e-04 -4.224932655956642122e-03 1.730492377555640105e-03 -4.178521823177134241e-03 1.281847959848405986e-02
2.383165097488837425e-02 -7.189273807474344698e-03 1.265719453151288934e-02 -6.527717822326162267e-02 9.934104960215648372e-01 1.936715797545252027e-02 -2.508573236252002389e-03 6.188552029538377762e-03 -2.235991866551272252e-03 -1.370697349967574426e-02 1.164526991440499419e-02 1.622828432898111573e-02 -4.364223549283481086e-03 -2.865858905051990591e-03 -1.448227022697679955e-03 -1.819395549010041982e-03 -5.661353586652658788e-03 -9.518594876032147878e-03 -1.133918196312885688e-03 1.686545545550810054e-03 2.941285539451855228e-03 -1.154601854190965247e-02 -2.240165630691217692e-04 -1.026576234379389559e-02 9.087166826051732912e-03 3.041355919032651817e-02 -1.193852906133517286e-02 1.772259768612205813e-02 1.534266055912163196e-03 3.080592634796384260e-02 -8.871579214772922634e-03 -3.063808983414741897e-03 -7.647470671289487501e-03 1.359768283159539654e-02 -1.712116328981721494e-03 -1.277745901148105712e-02 -3.280600213049967261e-03 7.245729947469506729e-03 -9.432849158176279461e-03 6.074812932876169289e-03 1.272541551249286099e-03 1.671778022494502247e-02 -3.230303498383384382e-03 -9.628895123832269254e-03 -4.744031534363980264e-03 -1.864157097865932686e-02 -4.650932115715782425e-03 1.800258221784518942e-02 -8.090266284277719891e-03 6.592379069954424839e-03 -2.188847914624661873e-03 1.617549058887487144e-03 -1.583211888420311009e-03 1.374814468551544336e-02 1.094111426779040969e-02 -3.009668860218383136e-03 -1.631198800035318919e-02 -1.774509497952038092e-02 1.571810842552131453e-03 -8.061990857326253174e-03 3.411369433797847937e-03 -7.126579963048395444e-03 3.173515182108275524e-04 6.432777218165035282e-03 5.296832682298220976e-03 6.160821637226663282e-03 1.205876940214612586e-02 -2.923255080902852597e-03 -2.395364067274704557e-03 -3.954724998076534354e-03 -4.570524040771791613e-03 -4.870013371085115186e-03 -1.955797007080315071e-03 -9.351394197381700246e-03 -2.391239862583464590e-03 5.382773181424415840e-03 -3.069132389421414843e-03 1.603545062609119118e-03 4.025313909423731268e-02 4.646313498220588922e-03 2.957339771338784312e-04 2.524127496538585130e-03 2.620312525492183263e-03 -1.095242382937864972e-03 -4.653195750841101694e-03 -8.432816518610124559e-03 -1.008694265538344348e-02 -5.693299640335296695e-03 -3.933089237416908038e-03 -1.340748113661607670e-02 3.684881688053638247e-05 -2.317174619799750122e-03 4.316498338582295223e-04 -5.745300753550164601e-04 -5.316301850776582703e-03 -4.817236281815383443e-03 -6.758448917117334132e-04 -3.161706442468473124e-03 1.327024507747737517e-02 6.671263992397119535e-03 -3.752272927720992114e-03 5.703894559162722352e-03 3.667889636198697154e-03 3.489755801430106073e-03 -6.746356371405764878e-03 1.091254440993429803e-02
1.528263149495647996e-02 -1.756033813754250342e-02 1.828513696607698691e-01 2.668347323489566117e-02 1.936715797545252027e-02 9.434342925172075622e-01 -5.042878451687517888e-04 2.079102741821459502e-03 -1.404503888355988252e-02 -3.890258661934334339e-03 9.402467930619096137e-02 8.752066601532529355e-02 -2.440489446999765527e-02 -1.289668979175357874e-02 -1.470394090271328613e-01 -2.797781915444835094e-02 -8.221742344035931627e-02 -3.402005501774844898e-02 -4.393657790445576646e-03 -3.590633671310876872e-03 3.282227081155263690e-04 -1.335483521979120153e-02 1.075532569848013965e-03 1.655581883758018569e-02 3.712581173501496024e-02 3.380881700550076446e-02 3.678512993043826090e-02 2.830395991269054126e-02 -7.407177584896743050e-03 3.903719620544617713e-02 -5.520627850757330035e-02 5.400204022163788975e-02 -8.092568062776431259e-04 1.135467324461104516e-01 2.807871333684952911e-03 -1.257922949487297604e-01 -1.407303185168679374e-03 -9.205858875283637333e-02 -6.349202382430549352e-02 1.529768700026109055e-03 6.072125275604876860e-02 8.950830778463789161e-02 1.106743057209117753e-01 -2.472902117684135787e-02 2.145079942520524904e-02 -1.211303529385113209e-01 -3.015031024774625021e-02 1.620269235115287185e-02 2.196300229740620266e-02 4.920401933711534767e-03 -1.969328081059597627e-02 8.227072758808468000e-02 -1.476564954469831159e-01 1.569602404148695562e-01 5.060502205777006601e-02 -2.644734004422584842e-02 -1.987212254218600482e-01 -8.372128781590703131e-03 -9.402330951297491191e-02 4.396337647004625385e-03 -2.371644604695569234e-03 -3.514912844500471534e-02 2.147428252379144330e-03 2.879748837562077710e-02 -9.768670659577849934e-04 -2.651263627161646458e-03 -8.572026182832738483e-03 -1.167771959515862988e-03 -5.986547494504305608e-03 1.408818549803759340e-02 5.897619506783183555e-04 -1.434807579731931307e-02 4.215212276468519384e-03 6.576138165236979083e-03 8.813423376703803918e-04 1.221240654749510511e-02 -9.359579482756903495e-04 -7.537980115311986203e-03 6.982166908787043819e-04 -4.876363511411654222e-03 2.755498033972579412e-05 -8.799151729197235428e-03 1.311260976472286999e-03 9.209818086510442731e-03 5.722264706897359568e-03 3.822795582948133701e-03 -6.079097096408718134e-03 1.016484959683108986e-02 2.254848205524222476e-03 1.333156420673534646e-02 -6.587615926065010057e-03 5.536766615418531497e-03 -1.044598377399552289e-02 -6.873788002322548871e-03 -6.857408487462430396e-03 4.522984932463624402e-03 -4.960012247726230776e-03 -1.043851698949333894e-03 1.110633299573690613e-02 -5.364988884376602554e-03 6.894119351510625930e-03 -1.633063418211269571e-03 -7.465986421825335922e-03 -8.058500054046338276e-03 6.575941123798006646e-03 1.128324037038616959e-02
3.652726970678585316e-02 -4.756032791389292087e-03 -8.975480995297163353e-03 -1.787314724956322320e-02 -2.508573236252002389e-03 -5.042878451687517888e-04 1.000508759131867986e+00 -4.796925861161710491e-02 -2.335669252450586764e-03 -2.591491089024865468e-01 -4.131474966330245246e-02 -5.251841355457144422e-02 -3.549310295029445284e-02 -2.993614881396579330e-03 -3.783418550724159529e-02 -1.822231084171240315e-02 -1.971419859818619030e-02 -8.657524287573995642e-03 -1.064507992998298992e-02 -1.269386760123536115e-02 -1.984905491511037082e-02 -1.515714635717248931e-02 2.209228427028760502e-02 -5.638486290563007527e-03 1.829950120574877839e-02 -3.211536653832381110e-03 -8.161822112352168368e-03 3.964759384089151968e-03 -5.679305075560488365e-03 9.524218771925229560e-03 1.707589912599393259e-02 2.623582509513631630e-02 1.663251827116564441e-02 -1.545601396124668056e-02 -1.082320368814599851e-03 -8.319924887036110606e-03 2.957461446657534514e-03 1.022430150579465083e-02 1.231186728515156897e-01 1.011653051865972763e-01 -2.952938095518351652e-02 1.932949705545764993e-02 -1.949624102887283217e-02 -8.497721000177319711e-03 -2.930039145310108645e-02 -3.005192006351870698e-02 -8.772543877202811091e-03 1.755519885929020252e-02 1.190984880033168873e-02 -5.467081293404296716e-02 3.930571451264069927e-02 -1.825472862240473670e-02 -3.791441624128302768e-02 -9.092736569696144994e-03 2.598632805849176650e-02 -5.488413971275643392e-03 -2.781275704062350501e-02 2.124134265909501454e-02 -1.122503304768149301e-02 1.775117854203053097e-02 1.615668725148452362e-02 5.093987022342378462e-02 2.053638547756664236e-03 -5.602762938868166565e-02 3.424720015326134046e-03 -5.115123906002333985e-03 -4.224437737375250426e-03 3.629123738956757488e-03 -2.423136925115021260e-03 -7.186491904090709128e-03 -4.257394516252960802e-03 -1.826062859367326256e-03 5.220131492487305527e-03 8.610251554912596965e-04 3.367551063926239180e-03 -4.704798056334448877e-03 -1.206089030746092770e-03 -5.009126270575170806e-03 -1.055050592813589535e-03 -3.074247067345340246e-03 -4.850058548006816982e-03 -3.652080226467575852e-03 -3.198794376556609274e-03 4.582606227108359381e-03 -4.005663701647060350e-03 -4.661755456202234041e-03 -8.851673015390089383e-03 5.111814763420976723e-03 5.576519093596674082e-03 -1.964215597841928798e-02 2.016353008852110260e-03 -2.420471019143091620e-03 -4.366537800122513580e-03 1.680815176709629308e-02 -2.827057706606861138e-03 1.068718410301822217e-03 7.992947369609804814e-03 -2.546206309457477515e-03 -4.435235579757744462e-03 -8.317058727458364817e-03 -3.286598715430914548e-03 -2.843381060554323568e-03 1.081247124867210953e-02 1.890225266598935354e-03 -4.878631606515974189e-03 9.911802383663129417e-04
5.135405415317097211e-02 -3.349035148989078659e-03 -4.698104266468263596e-02 -1.687649121035905350e-02 6.188552029538377762e-03 2.079102741821459502e-03 -4.796925861161710491e-02 1.000455883987712902e+00 -4.050827376123001568e-03 -3.940688932299068470e-01 -5.417194965166832743e-02 -7.723706476281451405e-02 -5.278080079124990165e-02 -5.191923943180205142e-03 -6.126601023892305070e-02 -1.959158699380059154e-02 -2.095202184843829654e-02 -9.567115834088597837e-03 -1.012851581998484851e-02 -1.371545079207242036e-02 -1.130097353615753912e-02 -1.168920882370098197e-02 1.239686690933690556e-02 1.148680318081617699e-03 3.871089147521471902e-02 -4.134898169755740413e-03 -4.253616601543681874e-02 1.217915932258016587e-01 3.669802973711999271e-03 -1.341293034954378974e-02 -2.171437377838368946e-02 3.665283016869048949e-02 -7.537115152715791883e-03 -1.297916693749828938e-03 -2.380866697440723375e-03 -2.907456362461338650e-02 -2.076420477373874200e-03 1.497375460720179463e-02 2.077237918626041041e-02 -4.412628753475427053e-03 -4.691335730734282061e-02 -2.383857157111182387e-02 -2.443317175165255276e-02 -2.553741690457986269e-02 -5.795926545706601291e-02 -1.453365345675543610e-03 -1.513313636946275915e-02 1.580744533593044232e-01 2.378801092706226417e-01 -9.113208637175486404e-02 -1.650215731061570323e-02 7.684666004506547632e-03 -6.141243703091912171e-02 -1.133224406994868573e-02 3.887652447417242266e-03 -1.219350921794181038e-02 -3.033001640258067844e-02 3.791403189831140524e-02 2.500734311275625704e-02 2.227940688082039045e-02 -1.899046367880968811e-02 4.105775612447266215e-02 -1.002352312620720040e-02 -2.857265080364036064e-02 -7.045642086795885980e-03 -3.302050827578255007e-03 -3.813070882987183371e-03 -1.026517978137649577e-02 -4.346721920285059534e-03 -3.110610680334334639e-03 -2.418625942680557514e-03 -7.301997439978839127e-03 -4.425491003360221103e-03 6.348928004392503932e-03 1.633795038739602624e-03 -6.896329493575460538e-03 -3.394551557944676997e-03 2.416179722628329640e-03 -1.829808659800818190e-03 1.831583400957212653e-03 -1.409108771755543648e-03 -5.464688334966431860e-03 -9.774572826224053185e-03 -1.933183081011645085e-03 -6.324146860265908096e-03 -7.057406728145538231e-03 -2.157848575490966050e-03 -9.033571719293378988e-03 -6.235203242231958376e-03 -1.819527063593452676e-02 -7.584363676175724135e-03 -4.197901846408584256e-03 -2.662131531489077448e-03 -4.734215434605760185e-03 -4.993814829580732299e-03 -3.400501116478092146e-03 -2.027512843579051534e-04 -3.864753362902905928e-03 -1.328005040158391700e-02 -3.966247455673305514e-03 -5.238833042753921095e-03 -4.931368526929539274e-03 3.375282958972621039e-02 -2.814185611079823325e-03 -4.643179212579519842e-04 -1.103157974036730188e-02
-1.974755455870708457e-02 5.647136672843757789e-03 3.652968555093169273e-03 -3.288009037570470330e-04 -2.235991866551272252e-03 -1.404503888355988252e-02 -2.335669252450586764e-03 -4.050827376123001568e-03 1.166546343521579487e+00 -2.598473167048329438e-02 -1.837065570203287070e-03 -4.566840242195563913e-03 -3.241530466260809755e-03 -4.706400660661269955e-04 -4.788686676615193025e-03 2.523407993980049391e-02 8.592519495380996492e-03 -2.384520144774804340e-03 -1.544781688381749452e-03 -2.098921032677344024e-03 1.428252849972865002e-02 -2.602148468124617069e-03 -3.055915394832111210e-03 -3.471904165589794530e-03 -5.652952055005877607e-03 -7.052821157037144056e-04 -7.654962871376362957e-03 -2.270055061245610569e-03 -8.928698653184386673e-04 -7.820823108349678155e-04 1.850224474488582462e-03 -9.357808315729146832e-04 -3.546245996677019948e-04 -6.382513718588758191e-03 -2.291662012363436529e-03 1.072186703971045665e-02 -3.748404153466429120e-03 -3.572415504076340790e-03 -6.893822916371547191e-03 -3.426674585436233233e-04 -6.512288023020172331e-03 -4.267657977576245001e-03 -3.447651190127156134e-03 -4.353058238193083240e-03 -4.875263530249229413e-03 -7.050124600042618518e-03 -1.357489347103165789e-03 -4.646420795168339224e-03 -2.084320811884251418e-03 -5.703463313648592971e-03 -2.572643847211862188e-03 -4.060511519645158655e-03 6.690687646492929352e-02 -9.964521618337109435e-03 -6.070313457632030285e-03 -3.664314232062348183e-03 2.361011751670875555e-02 -7.200020725242381459e-03 8.603702143502995475e-03 -1.906620492638377504e-03 -2.970299503723957974e-03 9.936315173920406973e-03 -1.810320584315831208e-03 -5.851246524696948267e-03 -3.449054031421925942e-04 -9.484785325342175643e-04 -7.217157932600543752e-04 -8.823210815848801661e-04 -8.907938657255299675e-04 -1.063444829257287165e-03 -5.689623707423363584e-04 -1.174272370290710497e-03 -8.400403913141864720e-04 -3.499309627198597564e-04 -9.843848416117764039e-04 -4.030237573461378092e-04 -8.317827743455211750e-04 -6.708615781628102974e-04 -1.658693921487785041e-04 -4.080641396048626923e-04 -3.938020299274194919e-04 -3.425405611875254421e-04 -7.435469485234313339e-04 -4.969653446713239624e-04 -4.637398611036648403e-04 -7.292005619891277039e-04 -1.064448339677715166e-03 -5.538947916628904952e-04 -5.189092689357603953e-04 -2.976609572439105952e-03 -6.875111154734083125e-04 -3.805334638863179866e-04 -5.872171641499606722e-04 -1.143005518970107229e-03 -7.653459276583407262e-04 -5.677805586335578575e-04 -1.090341381086915810e-03 -2.534215740356491860e-04 -9.136435264155795370e-04 -5.558505884503381388e-04 -3.938020299274151551e-04 -4.470211110005562686e-04 6.015996719548857147e-03 -1.038300971980297277e-03 -3.459395126237204050e-04 -2.223642508120146719e-03
-1.775388733795604801e-01 4.127802510260742547e-02 -1.901513971953960533e-02 -2.266757729065379395e-02 -1.370697349967574426e-02 -3.890258661934334339e-03 -2.591491089024865468e-01 -3.940688932299068470e-01 -2.598473167048329438e-02 9.891610017690135592e-01 -2.733426926472513063e-01 -4.367134134503730669e-01 -3.013456744131678966e-01 -3.330449263580505248e-02 -3.745452801712656488e-01 1.560612283210880552e-02 2.937389064140539380e-02 1.508268689113005656e-02 1.305887608913863449e-02 1.785782440409771840e-02 -1.486690552883546644e-02 1.313736200737489722e-02 -4.195715405328656090e-03 1.371888191138120189e-02 -2.132569003722491890e-02 -5.454183642758666378e-02 5.530802137831562770e-02 -7.656877764494203487e-02 6.944155274859922615e-03 -6.280602727251602402e-02 -2.323793960490398366e-03 -7.701192514733994077e-03 -2.733787349288858796e-03 -6.032583196175718421e-02 1.121492271968664144e-03 8.141831573856309068e-02 1.042992416886476779e-02 -4.296474421000722604e-02 3.664498525022906461e-02 -2.692240156954376490e-02 6.775145300595984688e-02 -1.573367963726752389e-02 -9.675412945504047180e-02 1.004878786341662361e-01 1.370640553751850399e-01 8.412351899145166512e-02 3.828351417847465632e-02 -9.942844359622440842e-02 -1.237011922520649676e-01 8.804279612196935778e-02 4.070519378181790271e-02 4.672884284061701310e-02 -3.755154401855309576e-01 -5.460848155736790221e-02 1.820760288203592675e-02 2.800144078481418830e-02 4.472454657425116442e-02 4.855950563322067315e-03 -1.732716494337369767e-02 -2.026903772432328554e-02 -4.762730839216174593e-03 -7.694422831674370238e-03 1.544573616347213497e-02 1.042157274270918976e-02 8.304025254852982069e-03 -6.065389401352340275e-03 -6.587808350572001669e-03 4.614064707872972231e-03 3.684316159007374955e-03 1.634342043757744736e-02 1.279489389104688374e-02 1.606692574617971797e-02 2.054698591390867468e-03 2.302990859537827183e-04 -2.937481612819300113e-04 -1.447718486920265574e-03 1.815962904771811076e-02 5.681160658491150699e-03 4.630445420741269476e-03 -9.227705148387003314e-03 5.626316753422393180e-03 -1.320828425992742403e-03 2.246773072634613688e-03 -7.141839420839384694e-03 1.322115034379112500e-02 -7.281909947527500510e-03 1.805625039852765124e-02 3.195429271325124325e-03 8.912773777639857592e-03 4.417606301281217646e-02 7.495480122381788408e-03 3.795559040790407509e-03 8.509315805186929219e-03 1.404369068356718306e-02 8.032932063782827550e-03 2.047708813897983378e-03 5.865616059842281016e-03 6.127291912507800212e-03 -1.706183462573539200e-02 -1.574085658985723696e-02 -4.745534151840577475e-03 -1.243636037864808840e-04 -3.959096909017821575e-02 9.265605527838347358e-03 6.941796681368145143e-03 2.506589917335085970e-03
6.815383431080419829e-02 -2.216049349513218858e-02 5.413906821441913375e-02 6.810654088566610309e-02 1.164526991440499419e-02 9.402467930619096137e-02 -4.131474966330245246e-02 -5.417194965166832743e-02 -1.837065570203287070e-03 -2.733426926472513063e-01 9.723527507808262804e-01 -5.868823254796448619e-02 -3.893191762787788501e-02 -2.354557188819979795e-03 -3.521900797985256376e-02 -2.474424871232781473e-03 -1.138928625841942148e-02 -4.066551412186811439e-03 -3.722494650097007279e-03 -7.031661709150239213e-03 -2.518743798792832597e-03 -5.321279488816358857e-03 -2.678986020737606465e-03 -1.082004618538043306e-02 1.830871220173083125e-02 9.992697376366484890e-03 -1.030138114989929618e-02 -8.506499162252698087e-03 -4.466923476447168424e-03 5.746753923145403453e-02 -1.742883296490234032e-03 -8.645323324256541653e-03 -6.611702265325198127e-03 4.704772240930756716e-02 -8.914618174256656868e-03 -4.135642103496621480e-02 -4.666220361655122953e-03 5.563039935320467436e-03 -3.921940178939806176e-02 -2.558322288182775413e-03 -1.822196170878424143e-02 1.105375784024176383e-01 2.267938780790297593e-02 -2.587102287890945262e-02 -2.916064001556060992e-02 -2.530972210317279647e-02 -7.001976104110667169e-03 -1.533889422839530836e-02 -2.607325292325698290e-02 7.828291409463686290e-02 -3.208104705196465622e-02 -1.784387664306701787e-02 -3.527297373104478634e-02 5.844324326485438037e-02 -1.851912959438958839e-02 -1.286930377884929269e-02 -2.314325184984184283e-02 -1.693419028546556265e-02 -2.242400811894398882e-02 -1.071802094385774368e-02 6.888377901986681741e-03 -3.444309609797777810e-02 -3.937716534785258571e-03 2.940150815914681359e-02 -6.050295423204988220e-03 1.816819555344244014e-03 -5.504651241850296896e-03 -5.123757370564561292e-03 1.695653428948254438e-02 2.163386362521990073e-03 -3.821315593007196774e-03 -4.926312266206615310e-03 -5.011570583523386642e-03 -1.428639861163198688e-03 3.208720942357059114e-03 1.238140071123715151e-02 -5.207455712906644898e-03 2.721750087665327899e-04 -8.298251633218507988e-04 1.565818540451700130e-02 -5.551471993812471216e-03 5.491107714551470356e-03 7.639382402958206850e-03 -3.079270701822118053e-03 -3.932555231295330883e-03 1.722898280113741281e-03 -4.496789452067597934e-03 -2.356922183309579331e-03 -3.277687339745015156e-03 -8.764248588480122795e-03 -3.439537676552527432e-03 -1.903764399978021254e-03 -3.901997503777862239e-03 -1.197594075882538536e-02 -3.616005437083406621e-03 -4.039215708940648887e-03 -7.868813078547674117e-03 -2.694541598766442194e-03 1.423814366451350844e-02 2.571611571664344717e-02 1.188617732400892336e-02 5.695460215486850865e-03 -8.769082465598949244e-03 -2.511163210150493211e-03 2.773030826127433068e-03 2.688567279672079632e-02
1.246165447846158542e-01 -3.788400345767864441e-02 9.993208705666031810e-02 2.465386123623930850e-02 1.622828432898111573e-02 8.752066601532529355e-02 -5.251841355457144422e-02 -7.723706476281451405e-02 -4.566840242195563913e-03 -4.367134134503730669e-01 -5.868823254796448619e-02 9.907460417571274380e-01 -5.830725692183649084e-02 -5.853294894243460736e-03 -6.847689516271088239e-02 -4.696668757857421113e-03 -1.650210010045182613e-02 -1.264261446697132613e-02 1.189612351121209846e-03 -5.304861851825826147e-03 3.424125630702796325e-02 -4.933152545676428198e-03 -6.856917392975593606e-03 3.847139719726899026e-05 -8.875180388464324818e-03 1.574203529553134737e-02 1.445084010515913092e-02 -1.041105565027132529e-02 -1.110451701993042141e-02 7.004442330164671604e-02 -2.057182471917005581e-02 -1.579958198612307560e-02 9.500403696765924834e-04 1.059201489135682406e-01 -2.961045009466254860e-04 -9.396960744362498064e-02 -1.732748377871567297e-02 -8.716356860305338660e-04 -8.579663991167570114e-02 -4.930253605822503167e-03 7.588732430190529843e-02 1.938061621117769320e-02 2.376100763659043102e-01 -5.006244543167792660e-02 -5.444655940051204568e-02 -2.617937783724442677e-02 -1.704976553017654994e-02 1.031873870445616098e-02 -3.711918367170538580e-02 3.555204815350596070e-02 -3.341297199223389192e-02 -2.125123197663622478e-03 -6.864296741992334527e-02 1.090629324394930544e-01 -2.948588502860588836e-02 -1.369885228297287351e-02 -6.953335356919221333e-02 -4.013336707691561589e-02 -3.605648251662632933e-03 8.252642965975883187e-04 -2.751052430940699716e-03 -5.538099055829694140e-02 -1.382388255324851385e-02 5.101691434383719137e-02 -2.432277273212271433e-03 4.112358953508984429e-03 -7.679733243086154723e-04 6.667992212653145283e-03 3.012901900895932194e-04 -8.223466435036432681e-03 -3.680329144366925077e-03 -7.485475419069671441e-03 2.976790080776899917e-03 -9.393600034188317321e-03 -9.716533101871991165e-03 1.236954229643326755e-02 -1.117344553026802974e-02 -9.240916854331270719e-03 -2.062898032226426464e-03 5.963344770149219334e-04 -7.734475479173379131e-03 1.319582396101822395e-02 -2.658863728577792740e-04 1.822244452859065472e-02 -2.448598990874817707e-03 1.838297200166524870e-02 -7.603497712442085221e-03 4.125874355779525493e-03 -6.993551377531319335e-03 -1.585288676025499097e-02 -5.616772403890243426e-04 1.096039963325273542e-03 1.780362325128763716e-04 -1.482386530757046940e-02 -8.565761528413051024e-04 -1.177717426240617021e-03 -7.215933999176240773e-03 -4.281880621499023314e-03 3.221770649519782592e-02 -9.228126222148979457e-03 9.468541703599876735e-03 -1.796913482838772950e-04 1.137099979724967395e-02 -2.245303467715105503e-03 -1.713347814201138849e-03 -2.565435662576079530e-03
1.165360295826574528e-02 -1.254942116867173441e-02 -2.280544189782244061e-02 -1.129676662110988376e-02 -4.364223549283481086e-03 -2.440489446999765527e-02 -3.549310295029445284e-02 -5.278080079124990165e-02 -3.241530466260809755e-03 -3.013456744131678966e-01 -3.893191762787788501e-02 -5.830725692183649084e-02 9.727988773986100401e-01 -4.154652390154096528e-03 -4.792651719083761142e-02 -2.284457717407590432e-02 -2.568931623623027169e-02 -1.077686876917317675e-02 -1.182611926085569941e-02 -1.273846100169743860e-02 -1.547361813471105282e-02 -1.600653863315719405e-02 -9.961772068060323684e-04 -7.446145891157240383e-03 1.792406649555249726e-02 1.027790045354518012e-01 -4.779482471726837628e-02 6.532076088549948478e-02 -3.682135010797173494e-03 6.609135381943153677e-03 1.621239618424463735e-02 1.992404730434304758e-02 7.282561788039669005e-04 -8.380266540222046714e-03 2.294076809811196327e-03 -3.681298868176722302e-03 3.039059066289564320e-03 -9.952342402500220092e-03 4.897975921929424714e-02 -3.448654132784088194e-03 -4.988156462521977502e-02 1.029951178141559273e-02 -2.180502263680546976e-02 -3.454486671097681955e-02 -4.219583085285866231e-02 1.333485749133692718e-03 -1.208919258529311466e-02 1.149758122850745579e-01 9.672310954753156331e-02 -6.584367207408829692e-02 1.395572733920276073e-02 -1.527974360480546800e-02 -4.804552954059677916e-02 -9.297986144510019674e-03 1.710178196959749597e-02 -1.592437509119436906e-02 -1.415798506084902167e-02 1.464238424265891687e-02 2.228202292890188972e-03 3.694738619106759277e-03 1.295548718285669150e-02 2.278452068275161821e-02 -9.913544976050812918e-03 -2.391427218175914970e-02 -5.215819350522763603e-03 -4.242130363705323010e-03 2.199237979012943003e-02 -3.994867969775125691e-03 -1.122042112169216801e-02 -9.711407929153632532e-03 -5.512006724638127131e-03 -1.155405128916274331e-02 -1.307213076047658833e-03 -8.018037677079078995e-05 7.399901566999529754e-05 -5.199316612194096465e-03 -7.867880923093392362e-03 2.344603176910501664e-03 -1.464239269521879199e-03 4.580954597086010771e-03 8.689547688920523649e-03 -4.153283724998746602e-03 1.706634650868250197e-02 -2.399240897569065480e-03 -4.903251716823158954e-03 -2.333564396038182494e-03 -3.557489680045535993e-03 -5.009394450496788657e-03 -4.922954099600998674e-03 -2.418635422222360776e-02 -6.049957728137414850e-04 4.614090841872067229e-03 -5.667810094696676404e-03 -1.118232001042810189e-02 -8.868961842068933538e-03 -9.402289488949246415e-04 4.575883042983463784e-04 -2.953349811056193638e-03 -1.020985437777532923e-02 1.515237205875270485e-02 -4.075647682329707443e-03 3.413183445769801469e-03 2.336664832435919603e-02 -1.005117683556907941e-02 -5.107022214191585599e-03 -3.208652167568350894e-03
1.509761387249693686e-02 -9.473216557755458371e-04 3.682974768983504361e-03 1.087232582372319898e-03 -2.865858905051990591e-03 -1.289668979175357874e-02 -2.993614881396579330e-03 -5.191923943180205142e-03 -4.706400660661269955e-04 -3.330449263580505248e-02 -2.354557188819979795e-03 -5.853294894243460736e-03 -4.154652390154096528e-03 1.031593657426286281e+00 -6.137634291508001216e-03 -4.438697171129656581e-03 -5.160769726097298553e-03 -3.056226810753707220e-03 -1.979938489150304994e-03 -2.690175944950439456e-03 -3.772527731138534176e-03 -3.335159877459252693e-03 5.327611873045067122e-03 -4.449921137591047841e-03 -7.245358638825665464e-03 -9.039563435366088041e-04 1.532821379113498243e-02 -2.909517520861798490e-03 -1.144386566362918427e-03 -1.002390745923235427e-03 -4.543914541081785306e-04 -1.012257145529222267e-02 -4.545204667833854686e-04 1.211333488748617473e-02 1.167331210469933767e-02 -4.761341601085538645e-03 -4.804309704187757248e-03 -4.578745986537740773e-03 6.650095210363357774e-03 -4.391950624817166039e-04 -3.371983025870601940e-03 -5.469834573956352738e-03 4.343754735800228056e-02 2.587540135609169012e-03 5.835506921562395042e-04 -3.568579085260099003e-03 -1.739886889621733218e-03 -5.955292866516304073e-03 -2.671462919469999586e-03 -7.310098650879851868e-03 -3.297343961466230305e-03 2.479373745805842858e-03 -6.156287192326822741e-03 6.482109211570673745e-04 -1.477029331541166585e-02 -4.696532098328289745e-03 1.077946815817508799e-02 -3.857167654089048436e-03 1.985151527755332074e-02 -2.443705363656768770e-03 5.675358385497280070e-03 -2.436339403376699270e-03 -2.320278282391440364e-03 5.155728445885079123e-04 -4.420634241932763970e-04 -1.215659899921551134e-03 -9.250193008187061142e-04 -1.130866246251068267e-03 -1.141725768705590402e-03 -1.363011592104916656e-03 -7.292360501058694003e-04 -1.505058663091505622e-03 -1.076675309989796880e-03 -4.485046572241048512e-04 -1.261680825647251356e-03 -5.165534102408904111e-04 -1.066091566156692188e-03 -8.598397233002893917e-04 -2.125939193590354768e-04 -5.230136414240597149e-04 -5.047339711645455317e-04 -4.390324188141513898e-04 -9.530001766232516856e-04 -6.369578440036675806e-04 -5.943729181012658231e-04 -9.346124891634961969e-04 -1.364297786083008140e-03 -7.099240139890738033e-04 -6.650832552394464556e-04 -3.815104686940072685e-03 -8.811793468815967440e-04 -4.877277205091427740e-04 -7.526331219061564498e-04 1.977919544590982931e-02 -9.809398124548719417e-04 -7.277213277992579735e-04 -1.397484759796979725e-03 -3.248090860915204821e-04 -1.171012057509130408e-03 -7.124307483495281867e-04 -5.047339711645668905e-04 -5.729445848494712969e-04 2.285447193987974034e-03 -1.330784843714466568e-03 -4.433888368265382577e-04 -2.850030797910855802e-03
